1110111
1110111
1110111
1110111
1110111
1110111
1110111
1000001
1040241
1011111
1040111
1110111
1110401
1111101
1046601
1011111
1066001
1111001
1000001
1008001
1240031
1110111
1040401
1011101
1046201
1011101
1062001
1011101
1070001
1400331
1110111
1040111
1011111
1470111
1110111
1110401
1040131
1310111
1110201
1040131
1310111
1110111
1110111
1000001
1007001
1330441
1110111
1000071
1070001
1330441
1110111
1004211
1001111
1000011
1700011
1330011
1110211
1110111
1110111
1110401
1111101
1110041
1110111
1640111
1310471
1110131
1040111
1310261
1110131
1110111
1004001
1011101
1008001
1000801
1320431
1110111
1110111
1000001
1007001
1340301
1110101
1060601
1000701
1700001
1000081
1320431
1110111
1040111
1011111
1001111
1000111
1000011
1700011
1320411
1110111
1000001
1454001
1111131
1111111
1111111
1111111
1111111
1111111
1111111
1111111
1111111
1111111
