1110111
1110111
1110111
1110111
1110111
1110111
1110111
1000001
1470401
1111101
1110241
1110111
1004001
1011101
1008001
1000801
1320431
1110111
1040001
1011101
1406031
1110111
1002401
1011101
1306041
1110111
1110111
1000001
1007001
1030301
1010101
1060601
1000701
1700001
1000081
1320431
1110111
1110111
1000001
1007001
1330441
1110111
1000071
1070001
1330441
1110111
1110401
1111101
1046601
1011111
1066001
1111001
1000001
1008001
1240031
1110111
1040111
1011111
1001111
1000111
1000011
1700011
1320411
1110111
1110401
1111101
1110041
1110111
1640111
1310471
1110131
1040111
1310261
1110131
1110111
1110111
1114611
1111011
1116411
1110111
1162111
1101111
1140111
1110111
1000001
1045401
1111111
1111111
1111111
1111111
1111111
1111111
1111111
1111111
1111111
1111111
