1110111
1110111
1110111
1110111
1110111
1110111
1110111
1000001
1040401
1011101
1340421
1110111
1040111
1011111
1046001
1111101
1062041
1011111
1070001
1040331
1110111
1110111
1100011
1007001
1040401
1011101
1066601
1000701
1700001
1000081
1320431
1110111
1040111
1011111
1470111
1110111
1110401
1040131
1310111
1110201
1040131
1310111
1110111
1110401
1111101
1110041
1110111
1640111
1310471
1110131
1040111
1310261
1110131
1110111
1040401
1011101
1400031
1100011
1008001
1000801
1080001
1008001
1320431
1110111
1040001
1011101
1406031
1110111
1002401
1011101
1306041
1110111
1110111
1000001
1007001
1330441
1110111
1100011
1070001
1330241
1110111
1110111
1114611
1111011
1116411
1110111
1162111
1101111
1140111
1110111
1000001
1454001
1111131
1111111
1111111
1111111
1111111
1111111
1111111
1111111
1111111
1111111
