1110111
1110111
1110111
1110111
1110111
1110111
1110111
1000001
1040241
1011111
1040111
1110111
1004001
1011101
1008001
1000801
1320431
1110111
1040401
1011101
1400031
1100011
1008001
1000801
1080001
1008001
1320431
1110111
1004211
1001111
1000011
1700011
1330011
1110211
1110111
1110111
1040111
1011111
1046001
1111101
1062041
1011111
1070001
1040331
1110111
1110111
1000001
1007001
1330441
1110111
1000071
1070001
1330441
1110111
1110111
1000001
1007001
1320431
1110111
1040111
1011111
1001111
1000111
1000011
1700011
1320411
1110111
1040001
1011101
1406031
1110111
1002401
1011101
1306041
1110111
1110401
1111101
1046601
1011111
1066001
1111001
1000001
1008001
1240031
1110111
1000001
1045401
1111111
1111111
1111111
1111111
1111111
1111111
1111111
1111111
1111111
1111111
