1110111
1110111
1110111
1110111
1110111
1110111
1110111
1000001
1040241
1011111
1040111
1110111
1040111
1011111
1001111
1000111
1000011
1700011
1320411
1110111
1110401
1111101
1111001
1110001
1107001
1100701
1140431
1110111
1110111
1004211
1001111
1000011
1700011
1330011
1110211
1110111
1110111
1114611
1111011
1116411
1110111
1162111
1101111
1140111
1110111
1040401
1011101
1046201
1011101
1062001
1011101
1070001
1400331
1110111
1114011
1111011
1040701
1011331
1011111
1440111
1110111
1110111
1110401
1111101
1046601
1011111
1066001
1111001
1000001
1008001
1240031
1110111
1044001
1011101
1024601
1011101
1064001
1011101
1002601
1001101
1330401
1110111
1004001
1011101
1008001
1000801
1320431
1110111
1110111
1004111
1001111
1070001
1704401
1331101
1111001
1110241
1110111
1000001
1045401
1111111
1111111
1111111
1111111
1111111
1111111
1111111
1111111
1111111
1111111
